Variante: lenet
Acurácia teste: 95.51%
              precision    recall  f1-score   support

           A       1.00      1.00      1.00        12
           B       1.00      1.00      1.00        12
           C       1.00      1.00      1.00        12
           D       0.92      1.00      0.96        12
           E       1.00      0.83      0.91        12
           F       0.92      1.00      0.96        12
           G       1.00      1.00      1.00        12
           H       1.00      0.92      0.96        12
           I       1.00      1.00      1.00        12
           J       0.92      0.92      0.92        12
           K       1.00      1.00      1.00        12
           L       1.00      0.92      0.96        12
           M       0.91      0.83      0.87        12
           N       1.00      1.00      1.00        12
           O       0.90      0.75      0.82        12
           P       1.00      0.92      0.96        12
           Q       0.92      0.92      0.92        12
           R       0.73      0.92      0.81        12
           S       1.00      1.00      1.00        12
           T       1.00      1.00      1.00        12
           U       1.00      1.00      1.00        12
           V       0.92      1.00      0.96        12
           W       0.92      1.00      0.96        12
           X       0.85      0.92      0.88        12
           Y       1.00      1.00      1.00        12
           Z       1.00      1.00      1.00        12

    accuracy                           0.96       312
   macro avg       0.96      0.96      0.96       312
weighted avg       0.96      0.96      0.96       312

